130012	225	655	219	0	
140013	225	633	214	0	
150013	225	656	220	0	
160015	225	633	214	0	
170016	225	651	218	0	
180017	225	642	216	0	
190018	225	645	217	0	
200019	225	646	217	0	
210020	225	537	190	0	
220021	225	620	211	0	
230022	225	625	212	0	
240023	225	625	212	0	
250024	225	623	211	0	
0	225	679	225	1	
10000	225	112	84	1	
20001	225	111	83	1	
30002	225	110	83	1	
40003	225	111	83	1	
50003	225	111	83	1	
60005	225	112	84	1	
70005	225	112	84	1	
80007	225	113	84	1	
90007	225	114	84	1	
100008	225	147	92	1	
110009	225	116	85	1	
120010	225	117	85	1	
130012	225	119	85	1	
140012	225	120	86	1	
150013	225	121	86	1	
160014	225	123	86	1	
170015	225	124	87	1	
180017	225	126	87	1	
190017	225	127	87	1	
200018	225	129	88	1	
210019	225	131	88	1	
220020	225	133	89	1	
230021	225	134	89	1	
240022	225	137	90	1	
250023	225	139	90	1	
260024	225	140	91	1	
270025	225	143	91	1	
280026	225	145	92	1	
290027	225	147	92	1	
300027	225	150	93	1	
310029	225	153	94	1	
320030	225	155	94	1	
330031	225	158	95	1	
340032	225	160	96	1	
350032	225	163	96	1	
360034	225	167	97	1	
370035	225	170	98	1	
380036	225	173	99	1	
390037	225	176	100	1	
400037	225	179	100	1	
410039	225	182	101	1	
420040	225	185	102	1	
430041	225	188	103	1	
440042	225	192	104	1	
450042	225	196	105	1	
460044	225	200	106	1	
470045	225	203	106	1	
480046	225	207	107	1	
490047	225	211	108	1	
500048	225	215	109	1	
510049	225	218	110	1	
520050	225	223	111	1	
530051	225	226	112	1	
540052	225	230	113	1	
550053	225	235	114	1	
560054	225	240	116	1	
570055	225	244	117	1	
580057	225	250	118	1	
590057	225	254	119	1	
600058	225	259	120	1	
610059	225	262	121	1	
620060	225	266	122	1	
630062	225	271	123	1	
640062	225	276	125	1	
650063	225	280	126	1	
660065	225	285	127	1	
670065	225	289	128	1	
680067	225	294	129	1	
690067	225	299	130	1	
700068	225	305	132	1	
710070	225	310	133	1	
720070	225	316	135	1	
730072	225	321	136	1	
740073	225	326	137	1	
750073	225	332	139	1	
760075	225	337	140	1	
770075	225	342	141	1	
780077	225	348	143	1	
790078	225	352	144	1	
800078	225	359	145	1	
810080	225	366	147	1	
820081	225	370	148	1	
830082	225	377	150	1	
840083	225	382	151	1	
850083	225	387	152	1	
860085	225	392	154	1	
870086	225	397	155	1	
880087	225	403	156	1	
890088	225	409	158	1	
900089	225	415	159	1	
910090	225	422	161	1	
920091	225	428	163	1	
930092	225	434	164	1	
940093	225	441	166	1	
950094	225	446	167	1	
960095	225	451	168	1	
970096	225	457	170	1	
980098	225	464	172	1	
990098	225	471	173	1	
1000099	225	477	175	1	
1010100	225	482	176	1	
1020101	225	488	178	1	
1030103	225	494	179	1	
1040103	225	499	180	1	
1050104	225	505	182	1	
1060106	225	512	184	1	
1070106	225	517	185	1	
1080108	225	521	186	1	
1090109	225	527	187	1	
1100109	225	533	189	1	
1110111	225	540	191	1	
1120112	225	547	192	1	
1130113	225	553	194	1	
1140114	225	557	195	1	
1150115	225	562	196	1	
1160116	225	569	198	1	
1170117	225	576	200	1	
1180119	225	581	201	1	
1190119	225	585	202	1	
1200120	225	589	203	1	
1210122	225	594	204	1	
1220122	225	600	206	1	
1230124	225	606	207	1	
1240125	225	611	208	1	
1250125	225	617	210	1	
1260127	225	622	211	1	
1270128	225	628	213	1	
1280129	225	632	214	1	
1290130	225	636	215	1	
1300131	225	641	216	1	
1310132	225	646	217	1	
1320133	225	651	218	1	
1330135	225	656	220	1	
1340135	225	662	221	1	
1350136	225	666	222	1	
1360138	225	670	223	1	
1370138	225	675	224	1	
1380140	225	678	225	1	
1390141	225	685	227	0	
1400141	225	662	221	0	
1410143	225	666	222	0	
1420144	225	671	223	0	
1430145	225	674	224	0	
1440146	225	679	225	0	
1450147	225	682	226	0	
1460148	225	685	227	0	
1470149	225	687	227	0	
1480151	225	690	228	0	
1490151	225	690	228	0	
1500152	225	692	229	0	
1510154	225	693	229	0	
1520154	225	695	229	0	
1530156	225	696	230	0	
1540157	225	697	230	0	
1550157	225	697	230	0	
1560159	225	699	230	0	
1570160	225	700	231	0	
1580161	225	700	231	0	
1590162	225	700	231	0	
1600163	225	700	231	0	
1610164	225	700	231	0	
1620165	225	700	231	0	
1630167	225	699	230	0	
1640167	225	699	230	0	
1650168	225	699	230	0	
1660170	225	699	230	0	
1670170	225	698	230	0	
1680172	225	696	230	0	
1690173	225	694	229	0	
1700173	225	694	229	0	
1710175	225	693	229	0	
1720176	225	692	229	0	
1730177	225	691	228	0	
1740178	225	690	228	0	
1750179	225	688	228	0	
1760180	225	686	227	0	
1770181	225	685	227	0	
1780183	225	684	227	0	
1790183	225	682	226	0	
1800184	225	682	226	0	
1810186	225	680	226	0	
1820186	225	678	225	0	
1830188	225	676	225	0	
1840189	225	674	224	0	
1850189	225	673	224	0	
1860191	225	671	223	0	
1870192	225	669	223	0	
1880193	225	668	223	0	
1890194	225	665	222	0	
1900195	225	664	222	0	
1910196	225	662	221	0	
1920197	225	660	221	0	
1930199	225	658	220	0	
1940199	225	656	220	0	
1950200	225	654	219	0	
1960202	225	652	219	0	
1970202	225	649	218	0	
1980204	225	647	217	0	
1990205	225	645	217	0	
2000205	225	643	216	0	
2010207	225	640	216	0	
2020208	225	639	215	0	
2030209	225	636	215	0	
2040210	225	635	214	0	
2050211	225	632	214	0	
2060213	225	629	213	0	
2070213	225	627	212	0	
2080215	225	625	212	0	
2090216	225	622	211	0	
2100216	225	621	211	0	
2110218	225	617	210	0	
2120219	225	616	210	0	
2130220	225	612	209	0	
2140221	225	610	208	0	
2150222	225	608	208	0	
2160223	225	605	207	0	
2170224	225	603	206	0	
2180226	225	601	206	0	
2190226	225	598	205	0	
2200227	225	596	205	0	
2210228	225	593	204	0	
2220229	225	591	203	0	
2230231	225	589	203	0	
2240232	225	586	202	0	
2250232	225	584	202	0	
2260234	225	582	201	0	
2270235	225	580	201	0	
2280236	225	577	200	0	
2290237	225	576	200	0	
2300238	225	572	199	0	
2310239	225	571	198	0	
2320240	225	568	198	0	
2330242	225	566	197	0	
2340242	225	564	197	0	
2350243	225	562	196	0	
2360245	225	559	195	0	
2370245	225	557	195	0	
2380247	225	555	194	0	
2390248	225	553	194	0	
2400248	225	550	193	0	
2410250	225	548	193	0	
2420251	225	546	192	0	
2430252	225	544	192	0	
2440253	225	542	191	0	
2450254	225	540	191	0	
2460255	225	537	190	0	
2470256	225	535	189	0	
2480258	225	533	189	0	
2490258	225	531	188	0	
2500259	225	528	188	0	
2510261	225	527	187	0	
2520261	225	525	187	0	
2530263	225	523	186	0	
2540264	225	520	186	0	
2550264	225	518	185	0	
2560266	225	516	185	0	
2570267	225	514	184	0	
2580268	225	511	183	0	
2590269	225	509	183	0	
2600270	225	507	182	0	
2610271	225	504	182	0	
2620272	225	501	181	0	
2630274	225	497	180	0	
2640274	225	495	179	0	
2650275	225	493	179	0	
2660277	225	490	178	0	
2670277	225	488	178	0	
2680279	225	486	177	0	
2690280	225	484	177	0	
2700280	225	482	176	0	
2710282	225	480	176	0	
2720283	225	478	175	0	
2730284	225	475	174	0	
2740285	225	474	174	0	
2750286	225	472	174	0	
2760287	225	470	173	0	
2770288	225	468	173	0	
2780289	225	466	172	0	
2790290	225	464	172	0	
2800291	225	462	171	0	
2810293	225	460	171	0	
2820293	225	459	170	0	
2830295	225	457	170	0	
2840295	225	455	169	0	
2850296	225	453	169	0	
2860298	225	451	168	0	
2870299	225	450	168	0	
2880300	225	448	168	0	
2890301	225	446	167	0	
2900302	225	444	167	0	
2910303	225	443	166	0	
2920304	225	442	166	0	
2930306	225	440	166	0	
2940306	225	439	165	0	
2950307	225	437	165	0	
2960309	225	435	164	0	
2970309	225	433	164	0	
2980311	225	432	164	0	
2990312	225	430	163	0	
3000312	225	428	163	0	
3010314	225	427	162	0	
3020315	225	425	162	0	
3030316	225	423	161	0	
3040317	225	422	161	0	
3050318	225	420	161	0	
3060319	225	419	160	0	
3070320	225	417	160	0	
3080322	225	415	159	0	
3090322	225	414	159	0	
3100323	225	412	159	0	
3110325	225	411	158	0	
3120325	225	409	158	0	
3130327	225	407	157	0	
3140328	225	406	157	0	
3150328	225	404	157	0	
3160330	225	403	156	0	
3170331	225	401	156	0	
3180332	225	400	156	0	
3190333	225	398	155	0	
3200334	225	396	155	0	
3210335	225	395	154	0	
3220336	225	393	154	0	
3230338	225	392	154	0	
3240338	225	390	153	0